 Lekter A ------- Lekter B--
 C33:   10055250.0       14077350.0    
 C55:   8.25368422E+09   1.16413460E+10
 GML:   164.166672       231.547623    
